100  
91  276  319  
86  590  1687  
23  192  635  
80  812  506  
80  665  2494  
68  164  2197  
17  596  519  
60  450  248  
10  171  2397  
87  37  329  
60  609  1486  
71  69  2105  
13  1144  12  
18  1119  2228  
33  509  1713  
90  191  1440  
84  1037  2046  
37  359  654  
60  656  78  
95  669  2497  
47  772  1024  
36  745  1439  
58  54  55  
94  1161  1203  
85  99  1504  
37  140  991  
3  466  1665  
89  1060  257  
57  1141  1790  
68  788  2528  
76  764  792  
86  747  75  
51  955  2133  
27  716  1703  
95  934  833  
75  1047  1392  
41  1022  2023  
43  893  1036  
82  1203  931  
65  491  1863  
89  17  556  
86  917  1343  
46  1289  2461  
80  190  262  
26  68  60  
58  211  1720  
71  1140  2444  
85  480  1478  
50  1305  1516  
92  1255  155  
89  13  2312  
95  610  1936  
53  361  1813  
3  657  1293  
2  788  2367  
33  621  879  
24  1231  1093  
47  330  1949  
86  306  643  
59  838  988  
73  528  1281  
29  685  2379  
98  863  366  
39  476  331  
69  732  141  
60  123  320  
54  354  147  
33  939  1795  
76  816  476  
18  200  1812  
16  928  2035  
30  1069  1539  
73  0  2164  
49  651  2551  
30  260  1789  
6  1138  344  
73  1276  1239  
10  1270  1087  
16  74  49  
2  304  2403  
70  383  1752  
30  1120  2546  
43  450  295  
76  204  813  
93  865  2104  
8  563  1476  
45  15  370  
16  828  2015  
28  634  1452  
28  772  1937  
47  1265  1013  
57  316  2166  
33  954  2350  
55  1259  195  
68  708  1863  
5  604  2420  
4  910  2243  
22  885  353  
77  818  767  
17  654  964  
