100  
21  395  1408  
32  479  5078  
97  983  3686  
26  57  5034  
24  1001  4352  
55  8  3862  
89  116  1320  
13  1228  3046  
13  1149  4803  
49  1005  3512  
15  504  3652  
59  553  3989  
68  36  4093  
57  682  3093  
28  726  2984  
51  542  2685  
94  210  5058  
47  328  3338  
15  56  6179  
93  1204  5796  
31  729  5193  
32  467  5317  
77  571  3463  
23  578  1881  
13  682  1974  
98  791  5066  
90  355  3987  
36  1178  2163  
58  273  1464  
57  982  4613  
52  39  2356  
83  734  4910  
3  672  3790  
22  299  3523  
93  110  2438  
35  815  6139  
72  286  6094  
57  814  1338  
9  1032  2820  
4  894  2772  
85  149  1363  
30  185  2908  
61  59  2388  
24  514  1496  
3  852  5519  
79  514  3626  
12  267  5686  
15  114  5960  
35  837  3259  
42  1206  1592  
36  542  3228  
44  508  4545  
86  1034  4935  
35  46  5495  
18  698  3163  
28  294  3559  
16  316  2119  
80  187  5867  
32  861  6204  
94  714  4041  
46  992  3306  
54  547  4459  
46  664  1595  
83  496  3226  
76  194  6165  
62  727  6100  
56  613  4204  
77  907  2585  
54  357  5236  
59  1214  5879  
21  958  2523  
75  263  2623  
48  1013  5874  
65  587  4884  
71  1087  2626  
92  804  1334  
95  77  4898  
15  752  5722  
23  913  4794  
22  328  6087  
95  302  1690  
26  523  4145  
6  827  4152  
52  432  4823  
57  190  1328  
79  43  4759  
46  782  4588  
74  636  2273  
88  466  1304  
88  899  2153  
80  1205  3526  
11  537  5661  
79  1000  1734  
73  342  4634  
57  1081  2907  
73  118  1981  
5  183  1675  
27  1187  2472  
69  300  1924  
38  972  2137  
