100  
33  468  3619  
22  307  5241  
1  360  2148  
25  36  2410  
81  1003  4223  
19  568  5534  
46  929  1898  
44  667  2619  
64  438  6556  
88  1178  6271  
73  470  6920  
76  1128  4933  
29  738  6739  
29  1129  1298  
73  1108  7428  
76  236  5761  
9  417  6428  
11  317  6049  
73  1053  2424  
38  551  5853  
97  887  4065  
19  128  1499  
98  322  4416  
30  504  4840  
15  990  6957  
3  904  2099  
27  529  4773  
14  861  6395  
85  462  5058  
100  393  3900  
99  915  3978  
35  1088  2022  
7  31  6841  
94  180  6107  
89  204  5495  
28  188  1468  
66  621  3281  
77  343  6407  
21  1213  3674  
58  1129  3291  
69  1183  6366  
30  847  1411  
32  240  7415  
36  307  1742  
93  756  6449  
52  905  4897  
90  987  2133  
13  1165  2962  
51  1160  6004  
25  1087  2452  
41  394  2707  
16  336  2659  
26  586  7034  
4  579  6373  
24  652  2685  
27  1194  4910  
71  541  2713  
58  1232  3541  
54  487  6121  
95  253  6466  
93  394  2185  
34  1041  4545  
7  254  1367  
32  464  3982  
87  697  5566  
34  241  6919  
53  181  4366  
11  558  5440  
97  1156  7137  
40  876  5549  
13  810  4934  
89  558  1994  
73  1173  4921  
68  621  5691  
88  1177  2099  
87  1242  1540  
98  697  7177  
91  586  3445  
59  576  7212  
62  1154  2237  
24  341  2571  
36  1056  7105  
70  623  5212  
51  592  5405  
71  1097  6025  
29  135  7423  
9  1177  2446  
21  71  2615  
52  30  2540  
51  570  2893  
100  398  4448  
44  13  5801  
24  371  5416  
9  1130  3516  
19  103  6764  
71  167  3135  
79  963  4281  
61  727  3712  
42  152  6718  
13  1051  3836  
