100  
80  1030  4690  
21  115  3530  
54  149  3187  
35  230  2721  
85  319  2212  
30  141  2060  
58  215  4428  
20  780  2716  
85  956  4126  
55  15  1369  
70  707  1946  
68  1160  1630  
63  411  3491  
5  718  4392  
35  371  848  
13  207  391  
67  526  3044  
20  484  4179  
70  1088  702  
72  135  295  
11  1128  3879  
53  1143  3437  
96  351  4050  
58  487  4495  
24  663  1540  
70  860  4101  
35  274  2130  
49  779  3976  
72  510  3425  
20  616  3270  
20  628  857  
1  319  63  
46  571  1621  
42  821  1987  
25  821  1751  
43  229  881  
75  588  546  
26  932  3486  
46  169  1495  
62  575  954  
69  945  3954  
8  347  3958  
64  959  992  
12  525  546  
75  11  1711  
79  1151  1691  
28  643  3244  
14  698  305  
59  488  3631  
67  912  4461  
29  608  3430  
15  947  1270  
87  201  3574  
62  843  465  
15  97  4269  
28  867  3799  
61  466  271  
11  356  760  
21  149  2592  
93  371  467  
39  644  3179  
100  140  1022  
63  434  1649  
11  215  2449  
27  577  4636  
80  2  3610  
57  346  106  
55  1085  2584  
10  628  1631  
15  684  1124  
51  136  1168  
100  447  493  
42  87  4407  
25  648  1237  
27  87  1426  
20  224  4571  
99  1061  204  
35  83  2291  
4  1124  244  
78  31  2910  
41  922  2937  
80  517  1882  
26  992  145  
10  772  3067  
71  1063  3089  
74  638  4059  
40  342  1108  
84  119  4419  
36  458  4355  
46  1045  597  
94  1  475  
2  648  899  
98  658  3582  
11  882  184  
20  480  2105  
6  611  1254  
19  922  1025  
87  874  1421  
74  1100  4339  
88  147  401  
