100  
97  200  7611  
41  214  4983  
64  710  5513  
13  573  7741  
25  599  2626  
46  1299  6890  
93  258  5411  
55  987  4670  
15  249  5196  
53  503  4673  
13  1115  2804  
87  424  2785  
92  320  7275  
19  337  4282  
3  1126  5844  
63  858  5673  
68  1099  6897  
72  537  7688  
13  994  2989  
21  199  7058  
19  313  5051  
62  974  6841  
9  1096  3058  
91  168  4115  
67  527  5053  
50  664  3186  
40  1284  5227  
72  1295  6549  
83  917  3029  
81  891  4502  
34  880  6097  
7  631  5958  
73  1044  4628  
37  937  4378  
76  66  3206  
45  608  4673  
23  56  4454  
92  784  2773  
85  337  2973  
57  1118  2674  
42  617  7545  
77  677  5983  
82  1186  7142  
75  121  3225  
15  182  7032  
4  988  6898  
95  1060  4969  
83  731  5894  
81  952  4542  
55  482  5873  
13  1111  7587  
97  1011  3504  
78  519  4666  
34  419  6893  
14  1161  5227  
84  757  6200  
97  1067  7533  
41  532  6337  
58  617  2990  
10  1136  7544  
28  252  3777  
44  91  6221  
33  38  3374  
81  1256  5378  
95  1309  7837  
68  604  6036  
46  859  3469  
39  620  4886  
50  1051  4707  
68  927  4536  
87  420  3592  
61  36  3958  
35  441  5503  
88  391  2962  
99  1051  7588  
87  1174  6335  
71  544  6658  
22  859  4302  
26  89  4488  
70  388  5010  
83  1238  7677  
42  1091  4271  
31  1091  5706  
11  512  7552  
40  314  4710  
18  31  7627  
36  477  5727  
43  1109  7820  
60  896  5239  
85  831  5173  
12  1253  3440  
88  267  3715  
91  959  5265  
4  519  7658  
13  437  3988  
35  580  7222  
77  1186  7004  
17  1277  4615  
60  281  6813  
14  1090  6037  
