100  
1  2558  2952  
53  4842  4608  
22  5788  4369  
27  4898  3109  
86  51  3580  
19  5711  2722  
46  199  5161  
51  1687  4411  
4  2391  4970  
25  4693  4007  
9  4728  3094  
32  6054  4210  
40  5389  5001  
45  4814  4097  
23  5282  3738  
74  1855  2885  
68  0  2988  
31  1396  3649  
9  4257  4083  
30  4090  4729  
53  1663  3125  
34  5203  3600  
73  4647  4352  
7  421  3495  
53  4253  2922  
62  5609  4465  
85  3411  4448  
96  3535  2896  
47  4139  2961  
94  3730  3435  
23  5903  3500  
52  5714  4963  
52  2279  3887  
99  1984  3140  
91  2859  4156  
28  4014  4325  
6  6172  4256  
75  1485  4920  
12  1898  3881  
84  6077  2836  
86  3195  3352  
76  6468  4506  
84  6195  3583  
63  3741  3568  
37  4841  3819  
54  41  4160  
53  806  3708  
15  1487  4672  
94  2880  2678  
31  4232  3831  
70  3368  5004  
5  467  4516  
97  1536  4446  
53  315  2961  
7  2915  2666  
50  6128  3171  
94  1708  3482  
69  5003  2689  
17  2176  2807  
53  4126  4438  
99  2568  4870  
19  71  3568  
67  1135  2905  
39  2437  4419  
94  1874  2971  
24  4458  4122  
17  4979  3100  
32  6347  4248  
79  3382  4838  
60  327  2943  
1  5644  3157  
62  4432  4149  
12  6082  3646  
88  4548  3830  
74  2610  3478  
51  5108  4281  
2  164  4065  
11  103  3758  
99  263  4415  
35  2169  3344  
75  3298  2758  
76  4627  2699  
67  2081  2661  
40  5666  2931  
96  1372  4474  
94  4820  4934  
91  2621  3061  
96  5642  3982  
48  2490  3194  
33  523  3872  
79  4269  2804  
85  1186  4912  
24  5925  3489  
55  3348  4110  
32  2264  3663  
53  2314  4572  
29  6153  4564  
35  4470  3654  
82  1269  4359  
94  1421  4129  
